NxT1_pct: 0.587781
NyT1_pct: 0.906093
NzT1_pct: 0.242099
Dw: 0.671814
rho: 0.170036
t_start: -4.721297
time_scale: 0.100000
