Dw: 2.153776865074116
rho: 0.0001
model_time: 100.0
NxT1_pct: 0.39159865840287517
NyT1_pct: 1.0
NzT1_pct: 0.0
thresholdT1c: 0.85
thresholdFlair: 0.5
