Dw: 1.1273486265645607
rho: 0.12709656588424406
model_time: 10.0
NxT1_pct: 0.6520205230313255
NyT1_pct: 0.5308929663260522
NzT1_pct: 0.6642298703565614
thresholdT1c: 0.85
thresholdFlair: 0.5
