NxT1_pct: 0.888350
NyT1_pct: 0.727689
NzT1_pct: 0.585007
Dw: 1.046142
rho: 0.000100
t_start: -4.891733
time_scale: 0.801724
