NxT1_pct: 0.891510
NyT1_pct: 0.715180
NzT1_pct: 0.580038
Dw: 1.046142
rho: 0.000100
t_start: -4.891733
time_scale: 0.801724
