Dw: 1.1070913935703126
rho: 0.03719694032658774
model_time: 49.84862701799428
NxT1_pct: 0.6703357024945301
NyT1_pct: 0.75407818799148
NzT1_pct: 0.28360784622718466
thresholdT1c: 0.7299428339459983
thresholdFlair: 0.4907941110210384
