Dw: 0.5761890945463128
rho: 0.1555942051111847
model_time: 10.0
NxT1_pct: 0.2562107568584324
NyT1_pct: 0.5158625917186523
NzT1_pct: 0.37779313902256273
thresholdT1c: 0.85
thresholdFlair: 0.5
