Dw: 0.9478913271462862
rho: 0.0001
model_time: 100.0
NxT1_pct: 0.7832007820475189
NyT1_pct: 0.5902038944488238
NzT1_pct: 0.395728338827081
thresholdT1c: 0.7260687985481271
thresholdFlair: 0.2740161929901966
