Dw: 1.1137088163890876
rho: 0.14358870447471542
model_time: 10.0
NxT1_pct: 0.6931090548738674
NyT1_pct: 0.5254772523201987
NzT1_pct: 0.6628439089653293
thresholdT1c: 0.85
thresholdFlair: 0.5
