Dw: 0.6184211347784747
rho: 0.1647749067862201
model_time: 10.0
NxT1_pct: 0.41057494872783484
NyT1_pct: 0.5822755730143004
NzT1_pct: 0.41417156276224343
thresholdT1c: 0.85
thresholdFlair: 0.5
