NxT1_pct: 1.000000
NyT1_pct: 1.000000
NzT1_pct: 0.889675
Dw: 0.382372
rho: 0.000100
t_start: -4.716345
time_scale: 0.100000
