NxT1_pct: 0.697000
NyT1_pct: 0.638000
NzT1_pct: 0.697000
Dw: 0.995000
rho: 0.000565
t_start: -4.960000
time_scale: 1.013800
