NxT1_pct: 0.828109
NyT1_pct: 0.758857
NzT1_pct: 0.552128
Dw: 1.155189
rho: 0.000100
t_start: -4.735291
time_scale: 0.673449
