NxT1_pct: 1.000000
NyT1_pct: 0.988518
NzT1_pct: 0.000000
Dw: 0.000100
rho: 0.225000
t_start: -6.696321
time_scale: 0.100000
