NxT1_pct: 0.898631
NyT1_pct: 0.757161
NzT1_pct: 0.583739
Dw: 1.035618
rho: 0.000100
t_start: -4.893416
time_scale: 0.787880
