Dw: 0.9870594984568344
rho: 0.008467530046373689
model_time: 100.2206534272497
NxT1_pct: 0.8742825368775538
NyT1_pct: 0.5543240558668872
NzT1_pct: 0.27433848480372713
thresholdT1c: 0.85
thresholdFlair: 0.45567564445108577
