Dw: 0.9419130334561572
rho: 0.006844634895402674
model_time: 50.259159921275256
NxT1_pct: 0.9066788798355574
NyT1_pct: 0.5279972229358294
NzT1_pct: 0.31338982742310295
thresholdT1c: 0.85
thresholdFlair: 0.4924790386248738
