Dw: 1.4141367117637569
rho: 0.01529433897785271
model_time: 100.0
NxT1_pct: 0.5212434936760008
NyT1_pct: 1.0
NzT1_pct: 0.0
thresholdT1c: 0.85
thresholdFlair: 0.5
